$ python chx86_show_resultmetrics.py mwv:V001
--------------------------------------------------------------------------------
function       esp     reads    writes    unrc    blocks   instrs     time  
--------------------------------------------------------------------------------
0x401220       53.9     68.2     55.5                27      256      1.825
0x4068a0       76.5     50.0     50.0                 3       17      0.053 (__alloca__)
0x4010c0      100.0    100.0    100.0                 8       39      0.131
0x401130      100.0     92.9     85.7                 5       52      0.162
0x4011c0      100.0     83.3     60.0                 3       40      0.089
0x401540      100.0    100.0    100.0                11       66      0.285
0x401610      100.0    100.0    100.0                20      144      1.449
0x4017c0      100.0    100.0    100.0                24      164      1.942
0x4019b0      100.0    100.0    100.0                29      230      2.541
0x401c80      100.0    100.0    100.0                 3       21      0.068
0x401cc0      100.0    100.0    100.0                 8       69      0.225
0x401d90      100.0    100.0    100.0                 7       22      0.066
0x401dc0      100.0     91.3     94.1                 9      117      0.731
0x401f10      100.0     84.6     89.5                 5       70      0.223
0x401ff0      100.0     83.3     93.9                 6       88      0.322
0x402100      100.0     68.4     82.3                 3       74      0.332
0x4021d0      100.0     58.8     74.3                15      186      0.951
0x4023f0      100.0    100.0    100.0                20      109      0.478
0x402550      100.0     75.0     89.1                 7      150      0.806
0x402730      100.0    100.0    100.0                 3       12      0.033
0x402760      100.0    100.0    100.0                 1       17      0.037
0x4027a0      100.0    100.0    100.0                 6       56      0.143
0x402860      100.0    100.0     85.7                 3       26      0.087
0x4028b0      100.0     42.9      0.0                22       61      0.256
0x402940      100.0     94.7     81.8                 7       61      0.200
0x4029c0      100.0     85.7     81.8                10      109      0.959
0x402b00      100.0     50.0     40.0                11       62      0.252
0x402bd0      100.0     27.6     23.5                 7       99      0.302
0x402d00      100.0     45.5     55.6                12       78      0.254
0x402df0      100.0     75.0     70.0                10       45      0.293
0x402e50      100.0     80.0     76.9                 7       51      0.176
0x402ed0      100.0     75.0     95.2                 2       51      0.173
0x402f00      100.0     52.9    100.0                28      144      0.820
0x4030c0      100.0     42.3     96.4               107      614      4.837
0x4037d0      100.0    100.0    100.0                19      124      0.367
0x403910      100.0    100.0    100.0                15      100      0.273
0x403a10      100.0     90.7     97.8                21      278      2.615
0x403d70      100.0     91.3     98.6                11      178      2.528
0x403fa0      100.0    100.0    100.0                 3       36      0.125
0x404010      100.0     89.5     94.7                 9       82      0.273
0x4040f0      100.0    100.0    100.0                 3       52      0.207
0x404190      100.0    100.0    100.0                 4       53      0.179
0x404230      100.0    100.0    100.0                 9      119      0.840
0x4043c0      100.0     89.5     97.2                17      222      1.604
0x404660      100.0     69.2    100.0                13      129      1.580
0x404800      100.0     69.2    100.0                13      138      1.811
0x4049c0      100.0    100.0    100.0                 1       17      0.053
0x404a10      100.0     72.7     87.2                 4      131      0.658
0x404b90      100.0     85.7     88.5                10      112      0.659
0x404ce0      100.0     88.0     90.0                11      130      0.767
0x404e60      100.0    100.0    100.0                31      201      1.103
0x4050e0      100.0     55.6    100.0                11       62      0.210
0x405190      100.0     55.6    100.0                11       62      0.217
0x405240      100.0     55.6    100.0                11       62      0.217
0x4052f0      100.0    100.0    100.0                35      233      1.469
0x4055d0      100.0     71.4    100.0                26      172      0.891
0x4057e0      100.0     20.7     98.7               398     1399     45.211
0x406720      100.0     50.0    100.0                20      101      0.625
0x406888      100.0    100.0    100.0                 1        4      0.018
0x4068cf      100.0    100.0    100.0                 3       12      0.034
0x4068fb      100.0    100.0    100.0                 1        8      0.022
0x40690d      100.0     87.5    100.0                 3       64      0.273
0x406a30      100.0    100.0    100.0                 1        6      0.018 (__controlfp_call__)
0x406a45      100.0    100.0    100.0                 1        1      0.012 (__fnop__)
--------------------------------------------------------------------------------
Disassembly Summary
--------------------------------------------------------------------------------
Instruction count:     7944
Unknown instrs   :        0
Function count   :       64
Function coverage:    96.78%
--------------------------------------------------------------------------------
--------------------------------------------------------------------------------
Analysis Summary
--------------------------------------------------------------------------------
Esp precision   :    98.41%
Reads precision :    67.33%
Writes precision:    92.88%
Unresolved jumps:        0
Calls           :      462
Unresolved calls:        0
No summaries    :        5
Dll calls       :      286
Static dll calls:        0
Inlined calls   :       11
Wrapped calls   :        0
Analysis time   :   104.82 secs
Iterations      :        7
--------------------------------------------------------------------------------
